
Labels: ['arthur', 'douglas', 'eliezer', 'eslo', 'gustavo', 'jade', 'jessi', 'lais', 'linna', 'lucas', 'naty', 'paulo', 'scooby', 'vini']

Train accuracy: 99.28571428571429

Train confusion matrix: 
[[18  0  0  0  1  0  0  0  0  0  0  1  0  0]
 [ 0 20  0  0  0  0  0  0  0  0  0  0  0  0]
 [ 0  0 20  0  0  0  0  0  0  0  0  0  0  0]
 [ 0  0  0 20  0  0  0  0  0  0  0  0  0  0]
 [ 0  0  0  0 20  0  0  0  0  0  0  0  0  0]
 [ 0  0  0  0  0 20  0  0  0  0  0  0  0  0]
 [ 0  0  0  0  0  0 20  0  0  0  0  0  0  0]
 [ 0  0  0  0  0  0  0 20  0  0  0  0  0  0]
 [ 0  0  0  0  0  0  0  0 20  0  0  0  0  0]
 [ 0  0  0  0  0  0  0  0  0 20  0  0  0  0]
 [ 0  0  0  0  0  0  0  0  0  0 20  0  0  0]
 [ 0  0  0  0  0  0  0  0  0  0  0 20  0  0]
 [ 0  0  0  0  0  0  0  0  0  0  0  0 20  0]
 [ 0  0  0  0  0  0  0  0  0  0  0  0  0 20]]

Validation accuracy: 97.63779527559055

Validation confusion matrix: 
[[20  0  0  0  0  0  0  0  0  0  0  0  0  0]
 [ 0 20  0  0  0  0  0  0  0  0  0  0  0  0]
 [ 0  0 20  0  0  0  0  0  0  0  0  0  0  0]
 [ 0  0  0 20  0  0  0  0  0  0  0  0  0  0]
 [ 0  0  0  0 15  0  0  0  0  0  0  0  0  0]
 [ 0  0  0  0  0 20  0  0  0  0  0  0  0  0]
 [ 0  0  0  0  0  0 18  0  0  0  0  0  0  0]
 [ 0  0  0  1  0  0  0 19  0  0  0  0  0  0]
 [ 0  0  0  0  0  0  0  0 14  0  0  0  0  0]
 [ 0  0  1  0  0  0  0  0  0 19  0  0  0  0]
 [ 0  0  0  0  0  0  1  1  0  0 18  0  0  0]
 [ 1  1  0  0  0  0  0  0  0  0  0  5  0  0]
 [ 0  0  0  0  0  0  0  0  0  0  0  0 20  0]
 [ 0  0  0  0  0  0  0  0  0  0  0  0  0 20]]